k2=1;
k3=1;
